ON/OFF TIMES WITH 0.036 FIXED TIME
0.03620195388793945
0.036142587661743164
0.036431312561035156
0.03618192672729492
0.036145925521850586
0.03611254692077637
0.0361475944519043
0.03615975379943848
0.03609275817871094
0.03612065315246582
0.03612971305847168
0.03616046905517578
0.03610062599182129
0.036123037338256836
0.03632187843322754
0.03608298301696777
0.036156654357910156
0.0361638069152832
0.03614211082458496
0.03614664077758789
0.036095619201660156
0.036087751388549805
0.03624391555786133
0.03613138198852539
0.03613877296447754
0.03614640235900879
0.03614616394042969
0.036135196685791016
0.036179542541503906
0.03622245788574219
0.03610634803771973
0.036115169525146484
0.03612351417541504
0.03612184524536133
0.03614354133605957
0.03611874580383301
0.03612232208251953
0.036142587661743164
0.0361175537109375
0.036121368408203125
0.03609776496887207
0.03617596626281738
0.036184072494506836
0.03609418869018555
0.03614234924316406
0.036156415939331055
0.036156654357910156
0.03609728813171387
0.036106109619140625
0.036092281341552734
0.03611588478088379
0.036092281341552734
0.03610873222351074
0.03612208366394043
0.036096811294555664
0.03608250617980957
0.036133527755737305
0.03613018989562988
0.036118507385253906
0.03617405891418457
0.036160945892333984
0.03610539436340332
0.03930377960205078
0.046196699142456055
0.03609824180603027
0.036139726638793945
0.036139488220214844
0.03612709045410156
0.036107540130615234
0.03614687919616699
0.0361483097076416
0.036139726638793945
0.03609633445739746
0.03618764877319336
0.036124467849731445
0.03614068031311035
0.03609275817871094
0.0361475944519043
0.036179304122924805
0.03618502616882324
0.03616142272949219
0.036095380783081055
0.03613543510437012
0.036087751388549805
0.0361018180847168
0.03611135482788086
0.03612804412841797
0.03609633445739746
0.036104679107666016
0.03613018989562988
0.036163330078125
0.03609061241149902
0.0361323356628418
0.03615522384643555
0.04637932777404785
0.03614330291748047
0.036086082458496094
0.036128997802734375
0.03612923622131348
0.03615999221801758
0.036210060119628906
0.03614664077758789
0.03619527816772461
0.03618288040161133
0.036179304122924805
0.036135196685791016
0.036190032958984375
0.036108970642089844
0.03618955612182617
0.03617119789123535
0.03615093231201172
0.03609156608581543
0.03609919548034668
0.036121368408203125
0.0361325740814209
0.03608989715576172
0.03613686561584473
0.036173343658447266
0.03613471984863281
0.03614163398742676
0.03611040115356445
0.03609514236450195
0.03608298301696777
0.036121368408203125
0.03612184524536133
0.0361180305480957
0.03612494468688965
0.03612375259399414
0.03609609603881836
0.036162376403808594
0.036130428314208984
0.03609156608581543
0.036199092864990234
0.036171674728393555
0.03621530532836914
0.036194801330566406
0.036115169525146484
0.03620314598083496
0.036171913146972656
0.03623771667480469
0.0361018180847168
0.036132097244262695
0.03611254692077637
0.036107540130615234
0.036131858825683594
0.03616905212402344
0.03617668151855469
0.036139726638793945
0.03612112998962402
0.0361785888671875
0.03618764877319336
0.03617691993713379
0.03618121147155762
0.03614974021911621
0.03619074821472168
0.0361475944519043
0.03614234924316406
0.03620433807373047
0.03608965873718262
0.03609061241149902
0.03612184524536133
0.03612565994262695
0.036145925521850586
0.036144256591796875
0.036122798919677734
0.03612017631530762
0.036190032958984375
0.03612351417541504
0.03617215156555176
0.036171674728393555
0.03615450859069824
0.036136627197265625
0.03615570068359375
0.03616642951965332
0.0362091064453125
0.03616023063659668
0.03614950180053711
0.03608965873718262
0.03609323501586914
0.03613114356994629
0.03613543510437012
0.03613018989562988
0.04706764221191406
0.036174774169921875
0.0360867977142334
0.03856086730957031
0.03612160682678223
0.03633522987365723
0.036107778549194336
0.036199092864990234
0.03624439239501953
0.03619575500488281
0.036206722259521484
0.03608822822570801
0.036197662353515625
0.040163278579711914
0.03612160682678223
0.03618502616882324
0.03614974021911621
0.0361790657043457
0.03817558288574219
0.036107540130615234
0.03617262840270996
0.036131858825683594
0.036145687103271484
0.03978443145751953
0.03613686561584473
0.03618144989013672
0.03619670867919922
0.03615260124206543
0.03706073760986328
0.0361027717590332
0.036122798919677734
0.03615570068359375
0.0361638069152832
0.03615236282348633
0.03706502914428711
0.0361628532409668
0.036125898361206055
0.03612661361694336
0.036193132400512695
0.03609466552734375
0.036112070083618164
0.03612470626831055
0.03612947463989258
0.03617358207702637
0.036190032958984375
0.03613901138305664
0.0361628532409668
0.036176443099975586
0.03613877296447754
0.036199331283569336
0.03617668151855469
0.03609609603881836
0.03612017631530762
0.03614664077758789
0.0361790657043457
0.03615236282348633
0.03615283966064453
0.036299705505371094

ON/OFF TIMES WITH 0.033 FIXED TIME
0.03320050239562988
0.03317117691040039
0.03309988975524902
0.03311014175415039
0.033187150955200195
0.03317856788635254
0.03312945365905762
0.03318619728088379
0.033200740814208984
0.03312349319458008
0.033184051513671875
0.03318667411804199
0.03309440612792969
0.033190011978149414
0.03319811820983887
0.03321099281311035
0.0331876277923584
0.03319501876831055
0.033188581466674805
0.03312277793884277
0.03321123123168945
0.03317999839782715
0.03308701515197754
0.03316855430603027
0.03320026397705078
0.03310441970825195
0.03313851356506348
0.03316664695739746
0.03315258026123047
0.03321051597595215
0.033125877380371094
0.03318905830383301
0.03319239616394043
0.0331263542175293
0.033171892166137695
0.03319144248962402
0.03311967849731445
0.033200740814208984
0.03319358825683594
0.03314638137817383
0.03312253952026367
0.03319668769836426
0.033120155334472656
0.03311896324157715
0.03317427635192871
0.03318929672241211
0.03310894966125488
0.03316926956176758
0.033167362213134766
0.03308463096618652
0.03313040733337402
0.03319263458251953
0.03318047523498535
0.03317070007324219
0.03317880630493164
0.033194780349731445
0.03309988975524902
0.033196449279785156
0.03318953514099121
0.0331113338470459
0.03319382667541504
0.03318285942077637
0.03356790542602539
0.03311872482299805
0.033083200454711914
0.03312993049621582
0.0330657958984375
0.033071041107177734
0.03349018096923828
0.03332209587097168
0.03304409980773926
0.03332066535949707
0.033106088638305664
0.033104658126831055
0.03309988975524902
0.03405952453613281
0.03319120407104492
0.03310370445251465
0.033106327056884766
0.03310847282409668
0.03304123878479004
0.03411269187927246
0.03317451477050781
0.03310251235961914
0.03331804275512695
0.03310394287109375
0.033103227615356445
0.03308510780334473
0.033399343490600586
0.03307151794433594
0.03342461585998535
0.03364825248718262
0.03311634063720703
0.0334324836730957
0.03309798240661621
0.03317379951477051
0.03314018249511719
0.03325223922729492
0.0331876277923584
0.03319573402404785
0.03317880630493164
0.033124685287475586
0.03317761421203613
0.03320479393005371
0.03314542770385742
0.03320813179016113
0.03321719169616699
0.03309035301208496
0.03311586380004883
0.03320908546447754
0.033220767974853516
0.033119916915893555
0.0332338809967041
0.03319358825683594
0.03311300277709961
0.033141136169433594
0.033141136169433594
0.033098459243774414
0.033141374588012695
0.03310561180114746
0.033179283142089844
0.03312349319458008
0.033147335052490234
0.03310847282409668
0.03311896324157715
0.03317117691040039
0.03320002555847168
0.0331110954284668
0.03308558464050293
0.03307151794433594
0.03310251235961914
0.03306770324707031
0.033072710037231445
0.03301739692687988
0.03309369087219238
0.0342555046081543
0.03310370445251465
0.03306984901428223
0.03307199478149414
0.033077239990234375
0.03305411338806152
0.03420305252075195
0.033103227615356445
0.03306984901428223
0.03395247459411621
0.033104896545410156
0.03306865692138672
0.0331120491027832
0.0330815315246582
0.03383493423461914
0.03310680389404297
0.033074140548706055
0.03307795524597168
0.03307175636291504
0.03400301933288574
0.033064842224121094
0.03307914733886719
0.03307056427001953
0.03322315216064453
0.03340291976928711
0.03325939178466797
0.03313255310058594
0.0331883430480957
0.03318190574645996
0.03308415412902832
0.03319215774536133
0.03318667411804199
0.033130645751953125
0.03319144248962402
0.03317403793334961
0.033089399337768555
0.033170461654663086
0.03319859504699707
0.03321337699890137
0.033180952072143555
0.03316187858581543
0.0331270694732666
0.03311800956726074
0.03315877914428711
0.03309321403503418
0.03310060501098633
0.03313088417053223
0.03310203552246094
0.033104896545410156
0.033094167709350586
0.03312873840332031
0.03312993049621582
0.03309798240661621
0.033119916915893555
0.03315615653991699
0.033136606216430664
0.03309440612792969
0.03308558464050293
0.033093929290771484
0.03314018249511719
0.03307223320007324
0.03318285942077637
0.03311944007873535
0.034715890884399414
0.033087968826293945
0.03309798240661621
0.033069610595703125
0.03306889533996582
0.03382468223571777
0.03310847282409668
0.03307938575744629
0.03307056427001953
0.033104658126831055
0.03307175636291504
0.033071041107177734
0.03367471694946289
0.033104658126831055
0.03307056427001953
0.03308916091918945
0.033124446868896484
0.0333404541015625
0.03320479393005371
0.03363204002380371
0.03334498405456543
0.03316307067871094
0.0335087776184082
0.0331120491027832
0.03327679634094238
0.03347373008728027
0.03307032585144043
0.033126115798950195
0.0335230827331543
0.033101797103881836
0.03306865692138672
0.033087730407714844
0.03328347206115723
0.03311347961425781
0.03321576118469238
0.033185482025146484
0.033197879791259766
0.033120155334472656
0.03317618370056152
0.033181190490722656
0.033123016357421875
0.03318953514099121
